time: 3.412029981613159win: 0step: 106
time: 1.6762139797210693win: 0step: 36
